281.6305676281337
201.55567310857128
192.28740217699533
186.4642028587238
177.2208707060528
176.4524355211387
166.85406274998442
157.64967203048027
147.83550241791303
139.86768947579182
136.2644240786997
126.00960352988031
118.28009827501307
112.98383672924521
105.37398713146925
99.35855082248119
91.74134691633154
85.26958174124447
80.55808803329616
74.22178340373233
68.32658329784755
64.91826468971297
60.9374632586363
60.20134963288298
53.32245739470137
50.509585214537395
48.17216833878301
50.65428327637899
43.455410186280595
41.07483738949036
39.33285017769849
40.217151986791734
37.23081866177645
