0.0
0.002654481679201126
0.005291418172419071
0.0028463888447731733
0.0035786752123385668
0.004143874626606703
0.004694699309766293
0.012284735217690468
0.02317451313138008
0.02816685475409031
0.027878940105438232
0.03179270774126053
0.03888404741883278
0.04072033613920212
0.04088776558637619
0.0783756896853447
0.07070065289735794
0.06906656920909882
0.1104246973991394
0.19292029738426208
0.20115378499031067
0.28437256813049316
0.32722198963165283
0.3839157223701477
0.43579912185668945
0.5640594363212585
0.5766797065734863
0.6055155992507935
0.6291191577911377
0.7033228874206543
0.7533459663391113
0.7586926221847534
0.7832743525505066
