964.979990641276
577.1007741292318
464.0568135579427
396.6169840494792
339.5617930094401
295.1550649007161
255.3906504313151
220.8513437906901
195.8813451131185
186.35660298665366
176.5356419881185
161.69126892089844
146.62012354532877
136.76235961914062
121.33790842692058
104.07145690917969
99.53238296508789
96.57117207845052
88.93689600626628
78.32475662231445
81.07813390096028
77.80181948343913
73.32183202107747
69.68438402811687
69.16096687316895
62.86920356750488
64.20020167032878
66.05941454569499
56.258827209472656
54.65520159403483
56.33142534891764
49.88577524820963
53.53128433227539
54.392050425211586
51.26737912495931
46.8973445892334
49.11716238657633
42.39457130432129
40.83048439025879
44.27841250101725
59.59020805358887
51.284960428873696
48.7099494934082
48.951905250549316
46.3409169514974
41.392923990885414
41.71206823984782
44.18495877583822
38.244116147359215
38.980552991231285
39.57000764211019
36.37286917368571
34.54621887207031
34.17461268107096
34.551112492879234
32.47672589619955
31.83089288075765
33.58821328481039
34.796932538350426
34.53226852416992
31.23816172281901
29.824042956034344
31.38584582010905
33.24839464823405
30.794338862101238
27.301203727722168
29.190818150838215
33.623990058898926
30.870205243428547
30.25199826558431
29.157572746276855
28.547793706258137
23.79330062866211
24.95886770884196
28.5420077641805
25.533548990885418
27.662305514017742
29.903419494628906
26.82913080851237
28.41775894165039
25.60765329996745
23.43684959411621
24.020259221394856
22.476394653320312
21.054457664489746
20.255542437235516
20.00941260655721
22.26218032836914
21.099842071533203
21.140391031901043
21.158560752868652
22.687862714131672
20.664385477701824
21.577409426371258
22.435725847880047
19.57055203119914
21.10885016123454
23.0988670984904
19.291996637980144
19.807035605112713
