964.979990641276
577.1007741292318
214.32541466866056
158.55850697854962
148.87231091881168
141.0597469174885
134.40628665651067
129.27795692015894
121.49428196064046
114.31863719121169
106.07447360055359
95.83366121406482
87.15654708153966
77.60489813179296
70.27241699100693
64.67150244353127
57.921042940372196
53.51851356513726
50.28415048698853
46.59915567136134
44.353955222744084
40.45861715689388
40.66435500685436
38.431537877199034
34.58577638253483
39.23178277578299
30.853470567116656
28.867230371995404
30.071932675529496
28.69608686140935
26.975585380421386
26.166848493498577
25.280343786199044
23.872668769880697
25.242319777579095
24.487804196097635
23.53596648764103
22.563320081515286
22.26637543100914
20.46098593632534
20.18132148167151
19.58574333596737
19.459333520332205
17.986634064458556
20.67630692976356
16.630306120767354
15.135252111423869
16.925232472226053
16.656125470794148
15.149487098826661
14.66984246270569
14.851314588948883
14.830563241324064
14.663545601603142
14.712737251757654
13.918476366673955
13.437768609657509
12.511055010199778
13.257011319036872
13.205861066711249
11.358317485399818
11.349069118038598
16.77450082426606
10.438764742771939
8.472762063808553
8.773321954147958
10.265441979845441
10.900290629388746
11.032750232999053
10.65718685543053
9.751523090285074
10.833127879543046
9.967076241624193
9.917044131852672
9.179379183503599
9.621659789371305
9.176378255655964
11.898128872913825
7.036707960660038
6.279151369570764
