0.0
0.0
0.0
0.004588629584759474
0.010108528658747673
0.009576486423611641
0.012761610560119152
0.018426498398184776
0.02201659604907036
0.025732461363077164
0.03054119646549225
0.041344694793224335
0.056025732308626175
0.06891456246376038
0.10230948776006699
0.1881418228149414
0.23343312740325928
0.25214195251464844
0.34486716985702515
0.3630885183811188
0.4823365807533264
0.4676194190979004
0.5055751800537109
0.6285939812660217
0.6416323184967041
0.5871337652206421
0.6590871214866638
0.7190025448799133
0.6095245480537415
0.6233716011047363
0.6675058603286743
0.75784832239151
0.504386305809021
0.7333114743232727
0.5043818354606628
0.7002125978469849
0.6673532724380493
0.5674724578857422
0.6646438241004944
0.7566832304000854
0.780673623085022
0.6745864152908325
0.7297967672348022
0.7101098895072937
0.7313007116317749
0.76585853099823
0.5174574851989746
0.6864094734191895
0.6914881467819214
0.6817365288734436
0.696717381477356
0.6548780202865601
0.7585452795028687
0.6437875032424927
0.7370754480361938
0.6960069537162781
0.7469645738601685
0.7445904612541199
0.7809643745422363
0.7121351361274719
0.6077036261558533
0.7010433673858643
0.6860839128494263
0.7843866944313049
0.5518246293067932
0.8103137016296387
0.7970624566078186
0.7302019596099854
0.6574105024337769
0.7292656302452087
0.8574145436286926
0.803479790687561
0.8396236300468445
0.7467997670173645
0.7047994136810303
0.8391124606132507
0.7313770055770874
0.6593935489654541
0.8071505427360535
0.6886547803878784
