197.41510602261158
144.01478848927718
139.51979928966648
134.78398590899528
130.61977476492612
126.07140976040691
120.73819101064302
117.10286540357933
110.35498427606873
103.96564271141067
97.27513680743986
90.64636748441184
82.2731932228723
74.72638528259395
67.93759061566173
61.645679346597404
56.50885109006782
52.278454929993735
48.66864368763376
45.76296172151252
42.498211901238626
39.971941791143365
37.578550259425974
34.94847092545471
33.49612609929688
31.769681224048252
30.642197959427676
29.277392264722163
27.008261925016658
26.475421183344473
25.593742678658874
25.110532460867553
26.476384767941855
20.88809379525987
20.354384394632778
21.341431367789294
20.78694503773112
19.78555156645046
18.534457372742878
18.244687144023075
17.654609872017424
17.27959188179075
17.264345210571584
16.274483046633133
14.90564895414061
14.923494535442478
14.454668214288855
14.465103272543193
14.04541972066263
13.328959807205939
13.449126056361244
12.551438976302599
12.426960257081967
11.824306408256811
11.428234875548048
12.325081398224231
10.891768991370727
10.538704763759267
10.482773664149832
11.556478884049495
10.354244434164848
9.308537714716545
9.354213807753483
9.878086026909273
9.637621102065598
8.965923933042086
8.793430153590338
8.569886569589434
8.69862230142265
8.947181883817484
8.17960277954891
7.555328828453787
7.807103609669831
7.878474198411466
7.507849951546704
7.326244224201549
7.592456246021868
7.102527644694197
6.863334566527686
7.101136752438499
6.820169031735315
6.76093379395151
6.2215807481706715
6.375801008720693
6.385648369327965
6.460541064550153
5.896042714035949
5.846949498473561
6.42678945968414
6.469476021235409
5.284036343056183
