0.0
0.004919698927551508
0.01076512224972248
0.008345496840775013
0.008148247376084328
0.013122526928782463
0.018959466367959976
0.02902154251933098
0.018693452700972557
0.01972908526659012
0.01343225222080946
0.019738037139177322
0.02829870581626892
0.07349144667387009
0.08835189789533615
0.07835616171360016
0.09937259554862976
0.19105014204978943
0.27756255865097046
0.3436205983161926
0.3162554204463959
0.1758965700864792
0.3413230776786804
0.4776708483695984
0.4935082495212555
0.4357474446296692
0.47913312911987305
0.49398842453956604
0.6832319498062134
0.7082846164703369
0.7081204652786255
0.6455770134925842
0.6701844334602356
0.6932618618011475
0.6691899299621582
0.7306216359138489
0.749698281288147
0.8025997281074524
0.7644346356391907
0.8164606094360352
0.8120740652084351
0.6980401873588562
0.8111212849617004
0.8219010233879089
0.8402611017227173
0.8297830820083618
0.8493852615356445
0.8211416006088257
0.8208059072494507
0.8348996043205261
0.8381516337394714
0.8445124626159668
0.8431581258773804
0.8570610284805298
0.8434650301933289
0.8442683219909668
0.8513251543045044
0.8428406715393066
0.8430548906326294
0.8434774279594421
0.8458202481269836
0.840926468372345
0.8530081510543823
0.8434206247329712
0.8463672399520874
0.8503221273422241
0.8556326627731323
0.8461551666259766
0.8491549491882324
0.8449007272720337
0.843584418296814
0.8513304591178894
0.8527642488479614
0.8448349833488464
0.8470433354377747
0.8549944162368774
0.8514726758003235
0.840863049030304
0.8520539999008179
0.8617181777954102
0.8430789113044739
0.8574803471565247
0.8578709363937378
0.8509833216667175
0.8533733487129211
0.8504146337509155
0.8406558036804199
0.8506375551223755
0.8382071256637573
0.842038631439209
0.8607171177864075
