215.14863557649534
163.68157072085708
155.23621626656566
148.2153874292134
141.12474762494145
132.33370122411495
123.67284036927805
116.4347524144894
108.55067624252585
100.77298104232699
91.37571406779483
82.42011877462066
73.42364575369446
66.22794278954629
60.19973771115567
54.950508510582225
52.89333315467466
48.309147131973354
44.07839924869501
47.09609109336218
41.63896551814716
35.700643578165966
34.647116700731345
35.932578973198304
33.53084546500525
29.980191916054405
31.004713272448896
30.523274015873035
27.157965020930515
26.309811133711204
26.857965418632993
25.08578138794152
23.648269092552436
23.642085363140882
22.29878412962421
21.64642463385252
21.814500963664837
20.238728130347955
21.075085948929335
19.493178722706247
17.730679939056042
17.89340041684459
18.263039105634856
16.55311227167598
17.424942267010245
16.371100000532728
15.688399203741342
15.1856976417785
16.057367737565325
14.308120454533649
13.985661516337146
13.331928097763651
14.638953124992621
15.615118932447304
13.389556568411379
11.808678366460008
12.343137582450586
12.625359267745765
12.258920520140538
10.996144914996002
12.198796127474285
11.69060064745595
10.432441515894878
11.243207820379526
10.108853683250324
10.056689172464367
10.113233732300985
10.273691867490802
9.863922070719056
9.423272848129272
9.955035790022844
8.882995783475659
9.640223176382497
8.462875098739417
8.940724586379828
10.233406562639159
8.143105077328489
8.292673731449725
7.455939755679561
9.474921937145623
9.76003703250184
7.248467113109345
6.776976359420865
7.251624432707663
7.71780951917748
8.07523461444235
7.585809407197299
7.4467337465839645
6.490882438432778
7.317876783284274
7.640641645259968
7.242347143374283
6.681979646996327
6.272509058393409
8.933279635827823
7.224345810869907
5.796978240317487
5.828710609063419
5.73627299750566
6.8711477451213785
