0.0
0.0036987464409321547
0.0091033224016428
0.005999392829835415
0.010491413995623589
0.016651654615998268
0.02421417087316513
0.024845240637660027
0.03256414085626602
0.030148690566420555
0.0388893261551857
0.06489945203065872
0.08289635181427002
0.14834599196910858
0.17794252932071686
0.21407894790172577
0.3644355833530426
0.326816588640213
0.4256669580936432
0.43241605162620544
0.36347439885139465
0.4256545603275299
0.511868953704834
0.5662607550621033
0.543544590473175
0.4820013642311096
0.5477160215377808
0.3715227246284485
0.6337546706199646
0.6666012406349182
0.6151920557022095
0.6086273193359375
0.6800916194915771
0.45676952600479126
0.769121527671814
0.5995087027549744
0.6309680938720703
0.5610413551330566
0.6829134225845337
0.5615398287773132
0.6786839365959167
0.6476346254348755
0.6192766427993774
0.5966856479644775
0.6584787368774414
0.545524001121521
0.5858696699142456
0.4454767107963562
0.6392208337783813
0.6495355367660522
0.6754283905029297
0.6415915489196777
0.7578896284103394
0.7618945837020874
0.7889953851699829
0.7300432920455933
0.6793076395988464
0.767278790473938
0.6937369108200073
0.7255701422691345
0.5742558240890503
0.626903772354126
0.6427858471870422
0.7322953343391418
0.6947508454322815
0.6169246435165405
0.6277990341186523
0.6615060567855835
0.7272857427597046
0.6012516617774963
0.7752169966697693
0.7302634716033936
0.6578353047370911
0.5838794708251953
0.733928382396698
0.7493501901626587
0.8550933599472046
0.8817728161811829
0.6339402794837952
0.6574745774269104
0.6489537954330444
0.6870206594467163
0.6343446373939514
0.8139638900756836
0.6549142003059387
0.7885786890983582
0.5419520735740662
0.8112310171127319
0.735863983631134
0.8248340487480164
0.7535429000854492
0.8187286257743835
0.6286997199058533
0.7579885125160217
0.7368093729019165
0.6876863241195679
0.8434203863143921
0.8622351884841919
0.8089644312858582
0.8295183181762695
