155.4131985945402
114.93480332600322
110.69222788419124
108.15534920439052
106.8855980804001
103.67386347452799
100.57944082730059
97.61520743254879
94.03156030258695
89.19915462622896
83.11578539419865
76.71091226402689
69.37557716553914
62.83508857505909
58.856680378936915
52.91770470292096
47.75579632929558
44.30841464719911
41.54762880629387
39.59102976702262
35.08946198726046
33.97747014547892
31.100345880628208
29.050682526740474
27.404905773476127
25.849885405204148
24.559954460807468
23.399128317717768
22.06194084370194
21.11448190200732
19.8312362578756
18.84173575783697
18.2126293896477
17.180233393775094
16.617381141957452
15.993184106246284
15.148250279449611
14.694980988525538
14.01678020366724
13.357378563443243
12.909306206910507
12.588711929551645
12.136467625899016
11.725009328501237
11.543900342839928
10.635394799421375
10.480782099276926
10.509752572331452
9.937857289705875
9.467833917498012
9.47508181857602
9.019843658963262
8.659210240322611
8.40228861057816
8.591758376273557
8.139010810160983
7.748490584184582
7.59356622327353
7.709583766448901
7.102053922040451
6.927188834015298
7.08303842406342
6.832760558151392
6.61926468881432
6.326807939603133
6.3104481086638815
6.242683202748138
6.0429631143376445
5.922604826222296
5.770989513857929
5.561694791236361
5.533192327748174
5.477113564348451
5.326862544713965
5.298518749826772
5.040040345813917
4.866199433054901
5.158580745706236
4.708925197665818
4.6096267443348244
4.683682103318293
4.590775011357478
4.381215274967433
4.403516688439005
4.246709082783132
4.271397897356374
4.178098919311007
4.14370230499673
4.028229233377798
3.8578906399040407
3.90949566859554
3.854442080668205
3.7851245938867764
3.7195810501126276
3.652580626344911
3.5566970987596376
3.5517982083242297
3.6782680162485093
3.5314108898098344
3.3501233683692084
