0.0
6.023079095029971e-06
3.614008846852812e-06
7.363432246165758e-07
3.4053632589348126e-06
1.8779825268211425e-06
1.468516302338685e-06
4.265539701009402e-06
4.850123332289513e-06
5.6177696023951285e-06
3.589029802242294e-05
5.682415940100327e-05
0.00023799805785529315
0.0005047985468991101
0.0008712286362424493
0.001962836366146803
0.0034607606939971447
0.005549185443669558
0.006030839402228594
0.010537880472838879
0.008072198368608952
0.011533667333424091
0.013630114495754242
0.013718873262405396
0.013033881783485413
0.022298663854599
0.015135628171265125
0.019966935738921165
0.020565781742334366
0.023320022970438004
0.03922254592180252
0.02717594802379608
0.04150249809026718
0.03457712382078171
0.027855610474944115
0.046828873455524445
0.03860875964164734
0.041097383946180344
0.03884521871805191
0.050950050354003906
0.051895029842853546
0.045372288674116135
0.05673612281680107
0.06249427795410156
0.05813978239893913
0.05905737727880478
0.04753229394555092
0.06329658627510071
0.06175302714109421
0.06305056810379028
0.06051810830831528
0.05879824236035347
0.06055209040641785
0.0627157911658287
0.06194679066538811
0.06351818144321442
0.060973744839429855
0.06924478709697723
0.06795556843280792
0.0686323419213295
0.06961561739444733
0.06560289114713669
0.07248175889253616
0.06145021319389343
0.07310978323221207
0.07345078885555267
0.06611286103725433
0.06556455790996552
0.06581933796405792
0.06924079358577728
0.06758739799261093
0.07116664946079254
0.07279114425182343
0.061839859932661057
0.06855691224336624
0.07034341990947723
0.074066661298275
0.06933178752660751
0.07185320556163788
0.07331686466932297
0.07329732924699783
0.07150741666555405
0.06583753228187561
0.07064224034547806
0.07615985721349716
0.0786874070763588
0.07458309829235077
0.07651736587285995
0.07237206399440765
0.07612879574298859
0.078489288687706
0.08062496036291122
0.07038016617298126
0.07564179599285126
0.0828724056482315
0.07538841664791107
0.0825761929154396
0.08452163636684418
0.07765164226293564
0.08010415732860565
