0.0
0.0036987464409321547
0.0091033224016428
0.005999392829835415
0.010491413995623589
0.016651654615998268
0.02421417087316513
0.024845240637660027
0.03256414085626602
0.030148690566420555
0.0388893261551857
0.06489945203065872
0.08289635181427002
0.14834599196910858
0.17794252932071686
0.21407894790172577
0.3644355833530426
0.326816588640213
0.4256669580936432
0.43241605162620544
0.36347439885139465
0.4256545603275299
0.511868953704834
0.5662607550621033
0.543544590473175
0.4820013642311096
0.5477160215377808
0.3715227246284485
0.6337546706199646
0.6666012406349182
0.6151920557022095
0.6086273193359375
0.6800916194915771
0.45676952600479126
0.769121527671814
0.5995087027549744
0.6309680938720703
0.5610413551330566
0.6829134225845337
0.5615398287773132
0.6786839365959167
0.6476346254348755
0.6192766427993774
0.5966856479644775
0.6584787368774414
0.545524001121521
0.5858696699142456
0.4454767107963562
0.6392208337783813
0.6495355367660522
0.6754283905029297
0.6415915489196777
0.7578896284103394
0.7618945837020874
0.7889953851699829
0.7300432920455933
0.6793076395988464
0.767278790473938
