262.43058689788876
176.43017147219157
170.75727642066704
166.73583205202792
161.83458998954964
157.32070356918717
151.83298367734574
146.46353127278488
135.3757074160548
130.04272557596173
125.14997217410769
120.03633943701621
116.47801426900425
111.19527737084394
106.25554767291366
100.26920152955637
94.16311137127461
89.50617249745234
83.69118489425925
77.35790262646555
72.53542485043435
68.09477292914916
63.93258361521265
59.68593327542569
59.41826706559792
54.215598665307525
50.28214656269066
48.896332696512545
46.13740940573598
44.17745201730636
41.854549767662064
40.40337499659112
38.8940636267745
37.71603408865126
35.61498789814962
34.240495501911155
33.19168756916629
31.980081943755454
30.822859061294643
30.18161491914229
28.98637256769885
27.91128042357572
27.923795998903493
28.555031307891905
24.681817174649563
23.91535070832509
24.086533337082116
24.33207414413098
22.759012344958013
21.574012484264557
22.0502372147728
21.631165365185915
20.098676982193435
19.511161940701925
19.451894096064613
19.62258406165029
21.182461582715092
18.65914245823135
17.28698339868099
15.812847485164149
16.62000697401552
16.687935252715356
16.485319112670723
15.920949215584614
16.28322220678717
15.253997217986294
14.855808759335162
14.327019010337224
14.748064983283067
14.254934067421772
13.705996530429537
13.399019460844118
13.204854987806693
13.055039561694088
12.881908513591183
12.298499913464662
12.095705841219402
12.109777825021652
11.99444137043833
11.503857272275411
11.177513237386885
11.158914324854512
11.330738684194923
11.025342881333666
10.566585242402391
10.229888046733185
10.786047216079682
10.559950415354864
9.37152049020365
9.46164002363179
9.663286887008402
9.463362064767392
11.527876924500013
7.716050451682661
7.08563707621923
8.102376731728677
9.161871610803807
9.481336341835775
8.595107929849533
8.056363388002495
