0.0
0.002534641418606043
0.007454335689544678
0.0007484275847673416
0.001538720796816051
0.004509767983108759
0.0012981848558411002
0.005316917318850756
0.0072421603836119175
0.01105047669261694
0.012401459738612175
0.013993355445563793
0.03263673931360245
0.039944667369127274
0.053560543805360794
0.06634069979190826
0.08125592768192291
0.08458137512207031
0.10716787725687027
0.11469493061304092
0.15539245307445526
0.1971023976802826
0.20082373917102814
0.31540077924728394
0.36826199293136597
0.44191789627075195
0.5531679391860962
0.6181116104125977
0.6041370630264282
0.6790165901184082
0.6669243574142456
0.7266606688499451
0.7463695406913757
0.7669549584388733
0.7960104942321777
0.8105090856552124
0.8217881321907043
0.8028947710990906
0.821999192237854
0.8449094891548157
0.8496813774108887
0.8499293327331543
0.8463729619979858
0.7745331525802612
0.859329104423523
0.8723913431167603
0.8732874989509583
0.8759570121765137
0.8694777488708496
0.8785781860351562
0.8878690004348755
0.8789294362068176
0.877566933631897
0.8944298028945923
0.8902329206466675
0.8842467069625854
0.8803464770317078
0.8819463849067688
0.904959499835968
0.9112181663513184
0.8992136716842651
0.891940712928772
0.892533004283905
0.8886339068412781
0.8900805711746216
0.8931246995925903
0.8969504237174988
0.8992005586624146
0.9021099209785461
0.8997915387153625
0.8980273008346558
0.8973018527030945
0.9065849184989929
0.896069347858429
0.8859152793884277
0.8922735452651978
0.8982049226760864
0.8833116292953491
0.9025615453720093
0.8978835344314575
0.906761646270752
0.9014156460762024
0.898252010345459
0.8987655639648438
0.9038432836532593
0.9031879305839539
0.9039505124092102
0.8952935934066772
0.9073642492294312
0.9004021883010864
0.9045904874801636
0.8981479406356812
0.8947572708129883
0.9148193597793579
0.9061106443405151
0.9065464735031128
0.8926081657409668
0.8931478261947632
0.8882142305374146
0.9024745225906372
