284.1265640849071
201.99556658392487
192.02869566542958
185.1849484176193
178.8211531869678
169.9084223483471
159.4639885642312
149.77357278525022
140.98188441588292
131.82772531269597
124.52503011766208
117.5329739554016
109.30104626447135
101.9559936375867
95.18547771239881
89.38665073844865
82.43481290732407
75.41043304797529
70.29816029841942
65.56130875932409
61.24631339761228
60.425535714833835
53.98485927102183
50.75453203743616
48.76047844951342
46.69772717016578
44.807144596682754
42.00519056154174
39.7435964182221
38.03928954458329
37.01484556954419
35.56419430848939
33.08726819940416
32.51231698971422
31.428263778612738
30.891939247138726
30.739657919457617
29.87934112179902
27.172033460273965
26.188315031837448
25.344786823833473
27.720802992409386
24.426700799562024
23.292119610932165
24.85889967728399
24.38878924980385
21.175114490538547
20.573446433364307
20.34073150457681
20.94861258851721
19.978375647008072
20.002339752315322
18.82339405091173
19.257407573943443
18.262160186380207
17.314000368118286
16.821097063142048
17.049494117094884
17.844946504792116
15.37637573100151
14.888246973432471
15.894338136484821
15.159388912023843
15.670149041328946
14.197302793395819
13.818689556140273
15.640060348252494
12.564019322625903
12.764212463072697
13.473113511009881
12.971801160613158
13.005391388382165
11.906568404553706
11.773874365845316
11.62561181666081
11.389170305410714
11.775291641168945
11.96374945944928
13.241674703601712
12.141716475643548
9.633144313869439
9.782009568389656
9.479157777081605
11.10925949565216
10.910515548643337
9.2529115817533
9.070294951331915
9.712447373041563
9.584578099979423
9.263176202774048
9.324787707808401
10.357221081362933
9.052354226490515
7.8139998622281865
7.954652704629954
8.555350965872494
8.715934704304663
7.886579937123238
8.889481765389212
7.970334345183013
