0.0
0.0045928629115223885
0.008073784410953522
0.008157250471413136
0.005592485424131155
0.00576079310849309
0.018740558996796608
0.02553967572748661
0.030018657445907593
0.032112009823322296
0.05214068293571472
0.04697069898247719
0.055953554809093475
0.07451675832271576
0.07279137521982193
0.08950845897197723
0.13518014550209045
0.1738978922367096
0.18576307594776154
0.29638779163360596
0.3425000309944153
0.3699183762073517
0.47392401099205017
0.5533462166786194
0.5864284038543701
0.614778995513916
0.6766546964645386
0.7036169171333313
0.7272663116455078
0.7617484331130981
0.7749937176704407
0.7648581862449646
0.811032772064209
0.8109747767448425
0.83790522813797
0.8380060195922852
0.8301083445549011
0.8255475759506226
0.8497872352600098
0.8718003034591675
0.8633697628974915
0.8465851545333862
0.8530547022819519
0.87754887342453
0.8760770559310913
0.8770614862442017
0.8802064061164856
0.8902513384819031
0.8791167140007019
0.8701135516166687
0.8769752383232117
0.8828862905502319
0.8839411735534668
0.8759225606918335
0.892377495765686
0.893323540687561
0.891242504119873
0.8959380984306335
0.8949581980705261
0.9008916616439819
0.8990460634231567
0.8923690915107727
0.8928065299987793
0.8884873390197754
0.8836513757705688
0.8925116658210754
0.8949135541915894
0.8983139991760254
0.8958467245101929
0.897484302520752
0.8976365923881531
0.8997136950492859
0.9018281102180481
0.9040383100509644
0.8944441080093384
0.8982297778129578
0.9013954401016235
0.8819296956062317
0.9008352160453796
0.8923543095588684
0.9173833131790161
0.9135465621948242
0.901268482208252
0.9001832008361816
0.896922767162323
0.9056887626647949
0.8947088122367859
0.9048842191696167
0.8993099927902222
0.8998902440071106
0.9015456438064575
0.9024770855903625
0.9058972597122192
0.9173636436462402
0.9114006161689758
0.9054883718490601
0.8987577557563782
0.8969521522521973
0.8989174962043762
0.9010549783706665
