197.41510602261158
144.01478848927718
139.51979928966648
134.78398590899528
130.61977476492612
126.07140976040691
120.73819101064302
117.10286540357933
110.35498427606873
103.96564271141067
97.27513680743986
90.64636748441184
82.2731932228723
74.72638528259395
67.93759061566173
61.645679346597404
56.50885109006782
52.278454929993735
48.66864368763376
45.76296172151252
42.498211901238626
39.971941791143365
37.578550259425974
34.94847092545471
33.49612609929688
31.769681224048252
30.642197959427676
29.277392264722163
27.008261925016658
26.475421183344473
25.593742678658874
25.110532460867553
26.476384767941855
20.88809379525987
