0.0
0.004919698927551508
0.01076512224972248
0.008345496840775013
0.008148247376084328
0.013122526928782463
0.018959466367959976
0.02902154251933098
0.018693452700972557
0.01972908526659012
0.01343225222080946
0.019738037139177322
0.02829870581626892
0.07349144667387009
0.08835189789533615
0.07835616171360016
0.09937259554862976
0.19105014204978943
0.27756255865097046
0.3436205983161926
0.3162554204463959
0.1758965700864792
0.3413230776786804
0.4776708483695984
0.4935082495212555
0.4357474446296692
0.47913312911987305
0.49398842453956604
0.6832319498062134
0.7082846164703369
0.7081204652786255
0.6455770134925842
0.6701844334602356
0.6932618618011475
