0.0
0.0
0.0
0.0
0.0
0.0
0.0
0.0
0.0
0.013194741681218147
0.01809549145400524
0.09355388581752777
0.21602758765220642
0.19460360705852509
0.3211291432380676
0.2980298697948456
0.4128333032131195
0.4295218884944916
0.5693291425704956
0.5428109765052795
0.6172158718109131
0.6402594447135925
0.7093437910079956
0.7550774216651917
0.747465193271637
0.7479537725448608
0.7901115417480469
0.8014728426933289
0.810217022895813
0.8898560404777527
0.8226481676101685
0.8052259683609009
0.8437827229499817
0.8851016759872437
0.8876973986625671
0.8046979904174805
0.8349360227584839
0.8393535614013672
0.8501874804496765
0.8470803499221802
0.846331000328064
0.8663748502731323
0.8371028900146484
0.861178994178772
0.8563793301582336
0.8810848593711853
0.8989963531494141
0.8765046000480652
0.8866539001464844
0.8730697631835938
0.8628260493278503
0.8912102580070496
0.892583966255188
0.8927117586135864
0.899848461151123
0.8900102376937866
0.880419135093689
0.8869031667709351
0.8264099955558777
0.8592265248298645
0.837917149066925
0.8642967343330383
0.943259596824646
0.8715782165527344
0.8629204034805298
0.8705930709838867
0.8963081240653992
0.920516848564148
0.9190918207168579
0.8488912582397461
0.9417791366577148
0.8598658442497253
0.904369056224823
0.9071599841117859
0.8735537528991699
0.8323871493339539
0.8643714785575867
0.894951343536377
0.872935950756073
0.9116986989974976
0.8665158152580261
0.8832464218139648
0.9180753827095032
0.9005111455917358
0.9381794333457947
0.9440507888793945
0.9724823832511902
0.9309196472167969
0.935160756111145
0.8970993757247925
0.8848182559013367
0.9177430272102356
0.9152887463569641
0.9285821914672852
0.9360274076461792
0.9530210494995117
0.9783482551574707
0.9513083696365356
0.8987017869949341
0.9132252931594849
