535.4043666294643
357.55108315604076
286.4558759416853
232.12683323451452
207.20945739746094
172.1212877546038
147.5390456063407
137.21809605189733
119.2332126072475
108.74415588378906
99.52964782714844
94.05767331804547
89.46477862766811
84.23076520647321
76.10521480015346
73.18507330758231
72.22182791573661
69.45428085327148
63.40378788539341
61.68508229936872
61.89301790509905
59.5696781703404
55.056226457868306
52.81766891479492
51.03719711303711
50.38819776262556
49.8333980015346
48.136129924229216
45.3170051574707
46.74077033996582
45.4275883265904
41.57961845397949
42.92635645185198
40.85685729980469
40.48883220127651
37.6308708190918
38.34353256225586
36.96218163626535
36.85917091369629
36.54795374189104
33.44802502223423
36.156999996730256
35.54640906197684
35.10246903555734
32.73167419433594
31.52482713971819
32.34333801269531
31.64101927621024
27.24140521458217
30.587990079607284
29.96139635358538
29.25209399632045
952.9159240722656
671.6578013102213
548.692138671875
459.58562723795575
414.97809346516925
353.41138712565106
311.6390965779622
281.3367563883464
248.962526957194
223.94662475585938
200.04911931355795
192.14865366617838
190.3702392578125
169.9810358683268
157.39482625325522
141.95865885416666
134.9033228556315
139.25026321411133
120.63179016113281
122.03869120279948
118.76183191935222
112.18689600626628
106.62892786661784
102.07827250162761
100.10714975992839
89.22443262736003
91.76893742879231
90.91734822591145
87.57105890909831
87.5036195119222
88.16237004597981
79.59822336832683
82.69913864135742
73.42156664530437
75.56686655680339
71.76218032836914
72.5296688079834
69.75102996826172
63.95588811238607
68.25971921284993
63.07407251993815
69.18988863627116
64.00178972880046
63.53054173787435
57.02345212300619
56.834194819132485
55.83051363627116
56.457770665486656
51.822964350382485
55.810647328694664
55.043417612711586
55.823621114095054
51.94149653116862
53.35381317138672
49.74804560343424
51.622484842936196
47.293984731038414
44.08212343851725
45.15097173055013
42.72593879699707
42.82959493001302
