0.0
0.0
0.0
0.0
0.0
0.0
0.0
0.0
0.005217339377850294
0.005253375507891178
0.0061657303012907505
0.013337140902876854
0.0320572666823864
0.03414276987314224
0.03534447401762009
0.05853912979364395
0.06908003240823746
0.0745241791009903
0.08309569954872131
0.08492018282413483
0.08360712230205536
0.08077812939882278
0.0969238430261612
0.10712601989507675
0.12255171686410904
0.11900883913040161
0.12405997514724731
0.12590095400810242
0.12437194585800171
0.12097730487585068
0.104578398168087
0.10548468679189682
0.12483348697423935
0.1460387408733368
0.1360221803188324
0.1358342468738556
0.11726485192775726
0.12298526614904404
0.17724986374378204
0.1376751959323883
0.11235053837299347
0.1575365513563156
0.11187474429607391
0.13439597189426422
0.13954773545265198
0.13657987117767334
0.1464209258556366
0.14049898087978363
0.17905209958553314
0.13825160264968872
0.1634064018726349
0.1362694948911667
0.0
0.0
0.0
0.0
0.0
0.0
0.0
0.0
0.0
0.0
0.05041443184018135
0.07447439432144165
0.13196773827075958
0.1936996877193451
0.2733255624771118
0.23916581273078918
0.3218737542629242
0.4022701382637024
0.4664124846458435
0.5403816103935242
0.5554681420326233
0.6131120920181274
0.6428487300872803
0.6607450842857361
0.6963341236114502
0.6731147766113281
0.7018546462059021
0.7664797902107239
0.7412768602371216
0.7936984300613403
0.7688013315200806
0.774457573890686
0.7689133286476135
0.774165153503418
0.7918195128440857
0.819865345954895
0.8282744288444519
0.8657070398330688
0.8496678471565247
0.8804561495780945
0.8353672027587891
0.8413314819335938
0.8360492587089539
0.8756327629089355
0.8142877817153931
0.9092866778373718
0.8845410346984863
0.8802226781845093
0.9113762378692627
0.8872567415237427
0.897789478302002
0.9055876731872559
0.9359048008918762
0.8890802264213562
0.9215322732925415
0.9075417518615723
0.9051710963249207
0.9182709455490112
0.9440244436264038
0.9099531173706055
0.9293557405471802
